-1.210425 1.446212
-4.605505 7.489803
27.285325 -31.115566

-1.092118 1.083098 -2.808410
-4.233655 4.625456 4.142370
50.332649 -20.317611 28.029207

-3.688822 4.535015 -3.060155 1.135356
-7.039691 4.993690 -5.030088 6.922903
20.946948 -29.406831 26.844848 -32.368078

-4.029094 3.174323 -1.834163 3.631449 -2.078789
-5.980931 7.854348 -7.781537 6.760123 -7.205126
35.064065 -20.283712 22.905118 -33.892473 25.514018

-4.410143 4.228034 -3.155656 1.588271 -3.578176 2.825262
-6.276419 5.564128 -6.117713 7.070505 -7.396401 5.183627
5.767432 2.295243 2.404390 3.981233 5.304922 3.216808