-4.9101 -2.0879 -4.9343  2.5228 -2.2109  2.2096  3.8972  4.3133  3.9510 -5.3122
-5.5683 -3.7176  2.4199 -3.9076 -5.6210  4.4440  4.8250  3.8918 -4.6308  3.5071
-3.5213 -4.5781  5.3894  3.1430 -5.0271  5.1060 -2.0358  2.9877 -3.3412  4.8124
3.8573 -5.3142  5.3901  5.5213 -5.6431  4.4399 -5.6704 -2.8845  3.4912  2.8412
2.9793  2.0023  2.7153 -4.0095  5.7677 -4.0088 -4.6997 -4.2613  2.7763 -5.3615
3.8853 -2.4060  2.0896  5.6948 -3.7060  2.3450 -2.6509  4.9572 -3.5452 -5.2133
-2.3557  3.9965 -3.5836 -4.6720 -3.8917  3.4484  4.4628  3.8422 -3.9597 -2.5165
2.3510 -4.7549  4.9884  5.2121 -2.0220 -5.4393  2.1930 -4.6934  2.0325 -2.4987
-4.5723  5.8059 -2.0670 -3.8181 -3.0646  2.5478  4.7617 -4.8919  5.3707  4.1531
-5.8699  5.1610  3.2144  2.3124 -4.9991  5.8898 -3.6410 -3.9309 -3.9159  2.1659
-4.3287 -4.4481  2.1687  3.8520  2.0932  5.6881 -2.6036  5.8376  4.8821 -4.5416
5.1867  2.9883 -5.6031 -4.5085 -4.2341  3.7726 -2.1707 -4.0687 -4.1263 -3.0134
-5.1109  5.5851 -5.2228  2.6552 -5.1826 -5.1104 -2.2683  4.1205  3.4679 -5.7514
-5.6725 -5.9827  5.2554 -4.1997  4.5363  2.7694 -4.9291 -3.4809 -4.1545  4.9906
5.9278 -2.5080 -5.9470 -2.7605  2.7713  2.8136 -2.2652  5.4937  2.0773  5.1386
3.8759 -2.6160 -5.7787  4.3976 -2.6255 -5.5570 -4.4013  5.3417 -3.7958 -3.6531
-5.3253 -4.4312  5.8869 -2.7171  4.0329  3.1847 -4.9288 -5.6447 -2.3989 -3.1969
5.6691  5.9916  4.7636 -2.9644 -2.3323 -5.7170 -4.9362 -4.2807 -5.1490 -5.7827
3.4891 -4.7756  2.5274 -3.0156 -4.0888  4.9337  5.4719  2.5738 -3.8583 -4.1670
2.9788 -2.8397  4.8466  5.2690  2.4126  3.2558 -3.7936 -4.2522 -4.2285  5.9716